5.495000000000000000e+02
6.160040000000000191e+02
6.492889999999999873e+02
6.812329999999999472e+02
7.097269999999999754e+02
7.348669999999999618e+02
7.607000000000000455e+02
7.857889999999999873e+02
8.060494999999999663e+02
8.225000000000000000e+02
8.399044999999999845e+02
8.564149999999999636e+02
8.720000000000000000e+02
8.881385000000000218e+02
9.059660000000000082e+02
9.260000000000000000e+02
9.455014999999999645e+02
9.650000000000000000e+02
9.850760000000000218e+02
1.005025999999999954e+03
1.025000000000000000e+03
1.044500000000000000e+03
1.064922499999999900e+03
1.084076000000000022e+03
1.104026000000000067e+03
1.124000000000000000e+03
1.144288999999999987e+03
1.163922499999999900e+03
1.183076000000000022e+03
1.202425999999999931e+03
1.223223500000000058e+03
1.242451999999999998e+03
1.262235500000000002e+03
1.282531999999999925e+03
1.301425999999999931e+03
1.322223500000000058e+03
1.341451999999999998e+03
1.361235500000000002e+03
1.381531999999999925e+03
1.404154999999999973e+03
1.428498499999999922e+03
1.452594499999999925e+03
1.477121000000000095e+03
1.503154999999999973e+03
1.527498499999999922e+03
1.551594499999999925e+03
1.576121000000000095e+03
1.601708000000000084e+03
1.627739000000000033e+03
1.651146500000000060e+03
1.675277000000000044e+03
1.700181499999999915e+03
1.724489000000000033e+03
1.750769000000000005e+03
1.774609999999999900e+03
1.798479499999999916e+03
1.824873499999999922e+03
1.849275499999999965e+03
1.875030500000000075e+03
1.897740500000000111e+03
1.924275499999999965e+03
1.948275499999999965e+03
1.973775499999999965e+03
5.495000000000000000e+02
6.160175000000000409e+02
6.492395000000000209e+02
6.812300000000000182e+02
7.097644999999999982e+02
7.348429999999999609e+02
7.606174999999999500e+02
7.857395000000000209e+02
8.060465000000000373e+02
8.225000000000000000e+02
8.398295000000000528e+02
8.563714999999999691e+02
8.720000000000000000e+02
8.881430000000000291e+02
9.060064999999999600e+02
9.260000000000000000e+02
9.455285000000000082e+02
9.650000000000000000e+02
9.851209999999999809e+02
1.005093499999999949e+03
1.025000000000000000e+03
1.044500000000000000e+03
1.064901499999999942e+03
1.084121000000000095e+03
1.104093499999999949e+03
1.124000000000000000e+03
1.144261999999999944e+03
1.163901499999999942e+03
1.183121000000000095e+03
1.202499499999999898e+03
1.223306000000000040e+03
1.242504500000000007e+03
1.262237000000000080e+03
1.282627999999999929e+03
1.301499499999999898e+03
1.322306000000000040e+03
1.341504500000000007e+03
1.361237000000000080e+03
1.381627999999999929e+03
1.404148999999999887e+03
1.428632000000000062e+03
1.452632000000000062e+03
1.477318999999999960e+03
1.503148999999999887e+03
1.527632000000000062e+03
1.551632000000000062e+03
1.576318999999999960e+03
1.601816000000000031e+03
1.627576999999999998e+03
1.651164500000000089e+03
1.675528999999999996e+03
1.700409499999999980e+03
1.724676500000000033e+03
1.750853000000000065e+03
1.774857500000000073e+03
1.798471999999999980e+03
1.824859999999999900e+03
1.849298000000000002e+03
1.875024499999999989e+03
1.897730000000000018e+03
1.924298000000000002e+03
1.948298000000000002e+03
1.973798000000000002e+03
6.244819999999999709e+02
6.748414999999999964e+02
7.147970000000000255e+02
7.483174999999999955e+02
7.804819999999999709e+02
8.132300000000000182e+02
8.471765000000000327e+02
8.802200000000000273e+02
9.089705000000000155e+02
9.331114999999999782e+02
9.583609999999999900e+02
9.825125000000000455e+02
1.008089000000000055e+03
1.032249499999999898e+03
1.057206500000000005e+03
1.081512500000000045e+03
1.107088999999999942e+03
1.131249499999999898e+03
1.156206500000000005e+03
1.180512500000000045e+03
1.205967499999999973e+03
1.231634000000000015e+03
1.254765499999999975e+03
1.279078999999999951e+03
1.304967499999999973e+03
1.330634000000000015e+03
1.353765499999999975e+03
1.378078999999999951e+03
1.404036499999999933e+03
1.428625999999999976e+03
1.452582499999999982e+03
1.477181000000000040e+03
1.503036499999999933e+03
1.527625999999999976e+03
1.551582499999999982e+03
1.576181000000000040e+03
1.601690000000000055e+03
1.627739000000000033e+03
1.651143499999999904e+03
1.675384999999999991e+03
1.700306000000000040e+03
1.724700499999999920e+03
1.750845499999999902e+03
1.774710499999999911e+03
1.798527499999999918e+03
1.824846500000000106e+03
1.849224500000000035e+03
1.874979499999999916e+03
1.897797499999999900e+03
1.924224500000000035e+03
1.948224500000000035e+03
1.973724500000000035e+03
6.245734999999999673e+02
6.748310000000000173e+02
7.147595000000000027e+02
7.481644999999999754e+02
7.804985000000000355e+02
8.132374999999999545e+02
8.472575000000000500e+02
8.802424999999999500e+02
9.089705000000000155e+02
9.331744999999999663e+02
9.584030000000000200e+02
9.825244999999999891e+02
1.008119000000000028e+03
1.032225500000000011e+03
1.057221500000000106e+03
1.081524499999999989e+03
1.107118999999999915e+03
1.131225500000000011e+03
1.156221500000000106e+03
1.180524499999999989e+03
1.205930000000000064e+03
1.231620499999999993e+03
1.254730999999999995e+03
1.279103000000000065e+03
1.304930000000000064e+03
1.330620499999999993e+03
1.353730999999999995e+03
1.378103000000000065e+03
1.404051500000000033e+03
1.428735500000000002e+03
1.452675500000000056e+03
1.477352000000000089e+03
1.503051500000000033e+03
1.527735500000000002e+03
1.551675500000000056e+03
1.576352000000000089e+03
1.601805499999999938e+03
1.627581500000000005e+03
1.651059500000000071e+03
1.675545499999999947e+03
1.700365999999999985e+03
1.724713999999999942e+03
1.750779500000000098e+03
1.774853000000000065e+03
1.798549999999999955e+03
1.824815000000000055e+03
1.849201999999999998e+03
1.874928499999999985e+03
1.897769000000000005e+03
1.924201999999999998e+03
1.948201999999999998e+03
1.973701999999999998e+03
7.049809999999999945e+02
7.148120000000000118e+02
7.248065000000000282e+02
7.379539999999999509e+02
7.482514999999999645e+02
7.576970000000000027e+02
7.707335000000000491e+02
7.805285000000000082e+02
7.905365000000000464e+02
8.036330000000000382e+02
8.158384999999999536e+02
8.292290000000000418e+02
8.409695000000000391e+02
8.524684999999999491e+02
8.652290000000000418e+02
8.780000000000000000e+02
8.896865000000000236e+02
9.035000000000000000e+02
9.177290000000000418e+02
9.316565000000000509e+02
9.455285000000000082e+02
9.596074999999999591e+02
9.747290000000000418e+02
9.876245000000000118e+02
1.003660999999999945e+03
1.021218499999999949e+03
1.037000000000000000e+03
1.053500000000000000e+03
1.070718499999999949e+03
1.086624499999999898e+03
1.102661000000000058e+03
1.120218499999999949e+03
1.136000000000000000e+03
1.152500000000000000e+03
1.169718499999999949e+03
1.185624499999999898e+03
1.202594000000000051e+03
1.223331500000000005e+03
1.242531500000000051e+03
1.262269999999999982e+03
1.282622000000000071e+03
1.301594000000000051e+03
1.322331500000000005e+03
1.341531500000000051e+03
1.361269999999999982e+03
1.381622000000000071e+03
1.404067999999999984e+03
1.428742999999999938e+03
1.452616999999999962e+03
1.477344499999999925e+03
1.503067999999999984e+03
1.527742999999999938e+03
1.551616999999999962e+03
1.576344499999999925e+03
1.601769500000000107e+03
1.627659499999999980e+03
1.651156999999999925e+03
1.675518499999999904e+03
1.700277499999999918e+03
1.724769500000000107e+03
1.750755499999999984e+03
1.774881499999999960e+03
1.803546499999999924e+03
1.836489499999999907e+03
1.869500000000000000e+03
1.902614000000000033e+03
1.936229000000000042e+03
1.968500000000000000e+03
7.049645000000000437e+02
7.147129999999999654e+02
7.247390000000000327e+02
7.380244999999999891e+02
7.482530000000000427e+02
7.576430000000000291e+02
7.707409999999999854e+02
7.804610000000000127e+02
7.905170000000000528e+02
8.036285000000000309e+02
8.158819999999999482e+02
8.292110000000000127e+02
8.409664999999999964e+02
8.524579999999999700e+02
8.652110000000000127e+02
8.780000000000000000e+02
8.896894999999999527e+02
9.035000000000000000e+02
9.177110000000000127e+02
9.316639999999999873e+02
9.454880000000000564e+02
9.595819999999999936e+02
9.747110000000000127e+02
9.877039999999999509e+02
1.003663999999999987e+03
1.021214000000000055e+03
1.037000000000000000e+03
1.053500000000000000e+03
1.070713999999999942e+03
1.086703999999999951e+03
1.102663999999999987e+03
1.120213999999999942e+03
1.136000000000000000e+03
1.152500000000000000e+03
1.169713999999999942e+03
1.185703999999999951e+03
1.202658500000000004e+03
1.223232500000000073e+03
1.242550999999999931e+03
1.262202500000000100e+03
1.282518499999999904e+03
1.301658500000000004e+03
1.322232500000000073e+03
1.341550999999999931e+03
1.361202500000000100e+03
1.381518499999999904e+03
1.404008000000000038e+03
1.428550999999999931e+03
1.452597500000000082e+03
1.477217000000000098e+03
1.503008000000000038e+03
1.527550999999999931e+03
1.551597500000000082e+03
1.576217000000000098e+03
1.601683999999999969e+03
1.627692500000000109e+03
1.651121000000000095e+03
1.675414999999999964e+03
1.700250500000000102e+03
1.724665999999999940e+03
1.750657999999999902e+03
1.774787000000000035e+03
1.803541999999999916e+03
1.836507499999999936e+03
1.869500000000000000e+03
1.902586999999999989e+03
1.936211000000000013e+03
1.968500000000000000e+03
5.043184999999999718e+02
5.157485000000000355e+02
5.262485000000000355e+02
5.352485000000000355e+02
5.457485000000000355e+02
5.538184999999999718e+02
5.652485000000000355e+02
5.742485000000000355e+02
5.847485000000000355e+02
5.952485000000000355e+02
6.035734999999999673e+02
6.122720000000000482e+02
6.215000000000000000e+02
6.305000000000000000e+02
6.395000000000000000e+02
6.492110000000000127e+02
6.575000000000000000e+02
6.665000000000000000e+02
6.756214999999999691e+02
6.849650000000000318e+02
6.935734999999999673e+02
7.020349999999999682e+02
7.098139999999999645e+02
7.190000000000000000e+02
7.270054999999999836e+02
7.349210000000000491e+02
7.430000000000000000e+02
7.520000000000000000e+02
7.606069999999999709e+02
7.685000000000000000e+02
7.760000000000000000e+02
7.857110000000000127e+02
7.934809999999999945e+02
8.010349999999999682e+02
8.090000000000000000e+02
8.166335000000000264e+02
8.247485000000000355e+02
8.315000000000000000e+02
8.397934999999999945e+02
8.472694999999999936e+02
8.535934999999999491e+02
8.615000000000000000e+02
8.697485000000000355e+02
8.765000000000000000e+02
8.840000000000000000e+02
8.926295000000000073e+02
8.990000000000000000e+02
9.060620000000000118e+02
9.140000000000000000e+02
9.215000000000000000e+02
9.275000000000000000e+02
9.361639999999999873e+02
9.425000000000000000e+02
9.485000000000000000e+02
9.554434999999999718e+02
9.635000000000000000e+02
9.710000000000000000e+02
9.770000000000000000e+02
9.850819999999999936e+02
9.920000000000000000e+02
9.980000000000000000e+02
1.005154999999999973e+03
1.013748500000000035e+03
1.021281500000000051e+03
1.027248499999999922e+03
1.034494999999999891e+03
1.041500000000000000e+03
1.047500000000000000e+03
1.055000000000000000e+03
1.062309500000000071e+03
1.070781500000000051e+03
1.076748499999999922e+03
1.084082000000000107e+03
1.091000000000000000e+03
1.097000000000000000e+03
1.104154999999999973e+03
1.112748499999999922e+03
1.120281500000000051e+03
1.126248499999999922e+03
1.133494999999999891e+03
1.140500000000000000e+03
1.146500000000000000e+03
1.154000000000000000e+03
1.161309500000000071e+03
1.169781500000000051e+03
1.174734500000000025e+03
1.183082000000000107e+03
1.190000000000000000e+03
1.196000000000000000e+03
1.202598500000000058e+03
1.209500000000000000e+03
1.215500000000000000e+03
1.223169499999999971e+03
1.228631000000000085e+03
1.236318500000000085e+03
1.242516499999999951e+03
1.249248499999999922e+03
1.256733500000000049e+03
1.262145500000000084e+03
1.269500000000000000e+03
1.275500000000000000e+03
1.282540999999999940e+03
1.289000000000000000e+03
1.295000000000000000e+03
1.301598500000000058e+03
1.308500000000000000e+03
1.314500000000000000e+03
1.322169499999999971e+03
1.327631000000000085e+03
1.335318500000000085e+03
1.341516499999999951e+03
1.348248499999999922e+03
1.355733500000000049e+03
1.361145500000000084e+03
1.368500000000000000e+03
1.374500000000000000e+03
1.381540999999999940e+03
1.388000000000000000e+03
1.394000000000000000e+03
1.400292500000000018e+03
1.409000000000000000e+03
1.416500000000000000e+03
1.422500000000000000e+03
1.431760999999999967e+03
1.437500000000000000e+03
1.443500000000000000e+03
1.449807499999999891e+03
1.458500000000000000e+03
1.466000000000000000e+03
1.472000000000000000e+03
1.481347999999999956e+03
1.487000000000000000e+03
1.493000000000000000e+03
1.499292500000000018e+03
1.508000000000000000e+03
1.515500000000000000e+03
1.521500000000000000e+03
1.530760999999999967e+03
1.536500000000000000e+03
1.542500000000000000e+03
1.548807499999999891e+03
1.557500000000000000e+03
1.565000000000000000e+03
1.571000000000000000e+03
1.580347999999999956e+03
1.586000000000000000e+03
1.594220000000000027e+03
1.601871499999999969e+03
1.608500000000000000e+03
1.616000000000000000e+03
1.623012500000000045e+03
1.631181499999999915e+03
1.639248499999999922e+03
1.646000000000000000e+03
1.654400000000000091e+03
1.661000000000000000e+03
1.668964999999999918e+03
1.675602499999999964e+03
1.684220000000000027e+03
1.693220000000000027e+03
1.700292500000000018e+03
1.709000000000000000e+03
1.716500000000000000e+03
1.724809999999999945e+03
1.733000000000000000e+03
1.742000000000000000e+03
1.750620499999999993e+03
1.758500000000000000e+03
1.766000000000000000e+03
1.774947499999999991e+03
1.783220000000000027e+03
1.792220000000000027e+03
1.801023500000000013e+03
1.810220000000000027e+03
1.819220000000000027e+03
1.828144999999999982e+03
1.836502999999999929e+03
1.845573499999999967e+03
1.855220000000000027e+03
1.864499000000000024e+03
1.872040999999999940e+03
1.882220000000000027e+03
1.891220000000000027e+03
1.901240000000000009e+03
1.912248499999999922e+03
1.920500000000000000e+03
1.931000000000000000e+03
1.940000000000000000e+03
1.950500000000000000e+03
1.959500000000000000e+03
1.970000000000000000e+03
1.981220000000000027e+03
5.042479999999999905e+02
5.157709999999999582e+02
5.262709999999999582e+02
5.352709999999999582e+02
5.457709999999999582e+02
5.537480000000000473e+02
5.652709999999999582e+02
5.742709999999999582e+02
5.847709999999999582e+02
5.952709999999999582e+02
6.034655000000000200e+02
6.122359999999999900e+02
6.215000000000000000e+02
6.305000000000000000e+02
6.395000000000000000e+02
6.492604999999999791e+02
6.575000000000000000e+02
6.665000000000000000e+02
6.755960000000000036e+02
6.850114999999999554e+02
6.934655000000000200e+02
7.019719999999999800e+02
7.097435000000000400e+02
7.190000000000000000e+02
7.270130000000000337e+02
7.348730000000000473e+02
7.430000000000000000e+02
7.520000000000000000e+02
7.606580000000000155e+02
7.685000000000000000e+02
7.760000000000000000e+02
7.857604999999999791e+02
7.934840000000000373e+02
8.009719999999999800e+02
8.090000000000000000e+02
8.166290000000000191e+02
8.247709999999999582e+02
8.315000000000000000e+02
8.398940000000000055e+02
8.473025000000000091e+02
8.535140000000000100e+02
8.615000000000000000e+02
8.697709999999999582e+02
8.765000000000000000e+02
8.840000000000000000e+02
8.926414999999999509e+02
8.990000000000000000e+02
9.059914999999999736e+02
9.140000000000000000e+02
9.215000000000000000e+02
9.275000000000000000e+02
9.361715000000000373e+02
9.425000000000000000e+02
9.485000000000000000e+02
9.553954999999999700e+02
9.635000000000000000e+02
9.710000000000000000e+02
9.770000000000000000e+02
9.850700000000000500e+02
9.920000000000000000e+02
9.980000000000000000e+02
1.005189499999999953e+03
1.013770999999999958e+03
1.021285999999999945e+03
1.027270999999999958e+03
1.034500999999999976e+03
1.041500000000000000e+03
1.047500000000000000e+03
1.055000000000000000e+03
1.062253999999999905e+03
1.070786000000000058e+03
1.076770999999999958e+03
1.084069999999999936e+03
1.091000000000000000e+03
1.097000000000000000e+03
1.104189499999999953e+03
1.112770999999999958e+03
1.120286000000000058e+03
1.126270999999999958e+03
1.133500999999999976e+03
1.140500000000000000e+03
1.146500000000000000e+03
1.154000000000000000e+03
1.161253999999999905e+03
1.169786000000000058e+03
1.174757000000000062e+03
1.183069999999999936e+03
1.190000000000000000e+03
1.196000000000000000e+03
1.202585000000000036e+03
1.209500000000000000e+03
1.215500000000000000e+03
1.223142499999999927e+03
1.228615999999999985e+03
1.236248000000000047e+03
1.242444500000000062e+03
1.249270999999999958e+03
1.256733500000000049e+03
1.262166500000000042e+03
1.269500000000000000e+03
1.275500000000000000e+03
1.282473500000000058e+03
1.289000000000000000e+03
1.295000000000000000e+03
1.301585000000000036e+03
1.308500000000000000e+03
1.314500000000000000e+03
1.322142499999999927e+03
1.327615999999999985e+03
1.335248000000000047e+03
1.341444500000000062e+03
1.348270999999999958e+03
1.355733500000000049e+03
1.361166500000000042e+03
1.368500000000000000e+03
1.374500000000000000e+03
1.381473500000000058e+03
1.388000000000000000e+03
1.394000000000000000e+03
1.400256499999999960e+03
1.409000000000000000e+03
1.416500000000000000e+03
1.422500000000000000e+03
1.431822499999999991e+03
1.437500000000000000e+03
1.443500000000000000e+03
1.449798500000000104e+03
1.458500000000000000e+03
1.466000000000000000e+03
1.472000000000000000e+03
1.481429000000000087e+03
1.487000000000000000e+03
1.493000000000000000e+03
1.499256499999999960e+03
1.508000000000000000e+03
1.515500000000000000e+03
1.521500000000000000e+03
1.530822499999999991e+03
1.536500000000000000e+03
1.542500000000000000e+03
1.548798500000000104e+03
1.557500000000000000e+03
1.565000000000000000e+03
1.571000000000000000e+03
1.580429000000000087e+03
1.586000000000000000e+03
1.594229000000000042e+03
1.601711000000000013e+03
1.608500000000000000e+03
1.616000000000000000e+03
1.622991500000000087e+03
1.631198000000000093e+03
1.639270999999999958e+03
1.646000000000000000e+03
1.654469000000000051e+03
1.661000000000000000e+03
1.669011500000000069e+03
1.675279999999999973e+03
1.684229000000000042e+03
1.693229000000000042e+03
1.700142499999999927e+03
1.709000000000000000e+03
1.716500000000000000e+03
1.724594000000000051e+03
1.733000000000000000e+03
1.742000000000000000e+03
1.750800500000000056e+03
1.758500000000000000e+03
1.766000000000000000e+03
1.774675999999999931e+03
1.783229000000000042e+03
1.792229000000000042e+03
1.801039999999999964e+03
1.810229000000000042e+03
1.819229000000000042e+03
1.828155500000000075e+03
1.836476000000000113e+03
1.845465500000000020e+03
1.855229000000000042e+03
1.864491500000000087e+03
1.871962999999999965e+03
1.882229000000000042e+03
1.891229000000000042e+03
1.901247499999999945e+03
1.912270999999999958e+03
1.920500000000000000e+03
1.931000000000000000e+03
1.940000000000000000e+03
1.950500000000000000e+03
1.959500000000000000e+03
1.970000000000000000e+03
1.981229000000000042e+03
5.042284999999999968e+02
5.157514999999999645e+02
5.262514999999999645e+02
5.352514999999999645e+02
5.457514999999999645e+02
5.537285000000000537e+02
5.652514999999999645e+02
5.742514999999999645e+02
5.847514999999999645e+02
5.952514999999999645e+02
6.034669999999999845e+02
6.148835000000000264e+02
6.245045000000000073e+02
6.342500000000000000e+02
6.447500000000000000e+02
6.537500000000000000e+02
6.642500000000000000e+02
6.722329999999999472e+02
6.838564999999999827e+02
6.934669999999999845e+02
7.050140000000000100e+02
7.147324999999999591e+02
7.247045000000000528e+02
7.379030000000000200e+02
7.482095000000000482e+02
7.576475000000000364e+02
7.707664999999999509e+02
7.804895000000000209e+02
7.904855000000000018e+02
8.035700000000000500e+02
8.132419999999999618e+02
8.247514999999999645e+02
8.359400000000000546e+02
8.472424999999999500e+02
8.574980000000000473e+02
8.697514999999999645e+02
8.802799999999999727e+02
8.896219999999999573e+02
9.020000000000000000e+02
9.125000000000000000e+02
9.230000000000000000e+02
9.361549999999999727e+02
9.454700000000000273e+02
9.553804999999999836e+02
9.680000000000000000e+02
9.785000000000000000e+02
9.890315000000000509e+02
1.001000000000000000e+03
1.013751499999999965e+03
1.027251500000000078e+03
1.038500000000000000e+03
1.050500000000000000e+03
1.062252500000000055e+03
1.076751500000000078e+03
1.088031500000000051e+03
1.100000000000000000e+03
1.112751500000000078e+03
1.126251500000000078e+03
1.137500000000000000e+03
1.149500000000000000e+03
1.161252500000000055e+03
1.174740500000000111e+03
1.187031500000000051e+03
1.199000000000000000e+03
1.211000000000000000e+03
1.225206500000000005e+03
1.236228499999999940e+03
1.249251500000000078e+03
1.259952500000000100e+03
1.274000000000000000e+03
1.286198000000000093e+03
1.298000000000000000e+03
1.310000000000000000e+03
1.324206500000000005e+03
1.335228499999999940e+03
1.348251500000000078e+03
1.358952500000000100e+03
1.373000000000000000e+03
1.385198000000000093e+03
1.398456500000000005e+03
1.412750000000000000e+03
1.425760999999999967e+03
1.440500000000000000e+03
1.455964999999999918e+03
1.469750000000000000e+03
1.482737000000000080e+03
1.497456500000000005e+03
1.511750000000000000e+03
1.524760999999999967e+03
1.539500000000000000e+03
1.554964999999999918e+03
1.568750000000000000e+03
1.581737000000000080e+03
1.596500000000000000e+03
1.610750000000000000e+03
1.623413000000000011e+03
1.639251500000000078e+03
1.653998000000000047e+03
1.666727000000000089e+03
1.680711499999999887e+03
1.696608500000000049e+03
1.713500000000000000e+03
1.730256499999999960e+03
1.746095000000000027e+03
1.763000000000000000e+03
1.779671000000000049e+03
1.796000000000000000e+03
1.813256000000000085e+03
1.829511500000000069e+03
1.845467000000000098e+03
1.861538000000000011e+03
1.878500000000000000e+03
1.895000000000000000e+03
1.912251500000000078e+03
1.928000000000000000e+03
1.945250000000000000e+03
1.961000000000000000e+03
1.977500000000000000e+03
5.042749999999999773e+02
5.157290000000000418e+02
5.262290000000000418e+02
5.352290000000000418e+02
5.457290000000000418e+02
5.537749999999999773e+02
5.652290000000000418e+02
5.742290000000000418e+02
5.847290000000000418e+02
5.952290000000000418e+02
6.035420000000000300e+02
6.148250000000000455e+02
6.245119999999999436e+02
6.342440000000000282e+02
6.447440000000000282e+02
6.537440000000000282e+02
6.642440000000000282e+02
6.722509999999999764e+02
6.838429999999999609e+02
6.935420000000000300e+02
7.049824999999999591e+02
7.148015000000000327e+02
7.247870000000000346e+02
7.378790000000000191e+02
7.483084999999999809e+02
7.576354999999999791e+02
7.707590000000000146e+02
7.805404999999999518e+02
7.904930000000000518e+02
8.036105000000000018e+02
8.132735000000000127e+02
8.247290000000000418e+02
8.359294999999999618e+02
8.472200000000000273e+02
8.574859999999999900e+02
8.697290000000000418e+02
8.802575000000000500e+02
8.896325000000000500e+02
9.020000000000000000e+02
9.125000000000000000e+02
9.230000000000000000e+02
9.361430000000000291e+02
9.454835000000000491e+02
9.554344999999999573e+02
9.680000000000000000e+02
9.785000000000000000e+02
9.890180000000000291e+02
1.001000000000000000e+03
1.013729000000000042e+03
1.027229000000000042e+03
1.038500000000000000e+03
1.050500000000000000e+03
1.062284000000000106e+03
1.076729000000000042e+03
1.088018000000000029e+03
1.100000000000000000e+03
1.112729000000000042e+03
1.126229000000000042e+03
1.137500000000000000e+03
1.149500000000000000e+03
1.161284000000000106e+03
1.174778000000000020e+03
1.187018000000000029e+03
1.199000000000000000e+03
1.211000000000000000e+03
1.225221500000000106e+03
1.236275000000000091e+03
1.249229000000000042e+03
1.260010999999999967e+03
1.274000000000000000e+03
1.286157500000000027e+03
1.298000000000000000e+03
1.310000000000000000e+03
1.324221500000000106e+03
1.335275000000000091e+03
1.348229000000000042e+03
1.359010999999999967e+03
1.373000000000000000e+03
1.385157500000000027e+03
1.398472999999999956e+03
1.412743999999999915e+03
1.425828500000000076e+03
1.440500000000000000e+03
1.455963500000000067e+03
1.469743999999999915e+03
1.482744500000000016e+03
1.497472999999999956e+03
1.511743999999999915e+03
1.524828500000000076e+03
1.539500000000000000e+03
1.554963500000000067e+03
1.568743999999999915e+03
1.581744500000000016e+03
1.596500000000000000e+03
1.610743999999999915e+03
1.623511999999999944e+03
1.639229000000000042e+03
1.653982999999999947e+03
1.666789999999999964e+03
1.680702500000000100e+03
1.696617500000000064e+03
1.713500000000000000e+03
1.730230999999999995e+03
1.746134000000000015e+03
1.763000000000000000e+03
1.779666500000000042e+03
1.796000000000000000e+03
1.813254500000000007e+03
1.829477000000000089e+03
1.845541999999999916e+03
1.861530500000000075e+03
1.878500000000000000e+03
1.895000000000000000e+03
1.912229000000000042e+03
1.928000000000000000e+03
1.945243999999999915e+03
1.961000000000000000e+03
1.977500000000000000e+03
5.065235000000000127e+02
5.180000000000000000e+02
5.315000000000000000e+02
5.435000000000000000e+02
5.560235000000000127e+02
5.675000000000000000e+02
5.810000000000000000e+02
5.930000000000000000e+02
6.034595000000000482e+02
6.149284999999999854e+02
6.245135000000000218e+02
6.342500000000000000e+02
6.447500000000000000e+02
6.537500000000000000e+02
6.642500000000000000e+02
6.722300000000000182e+02
6.838775000000000546e+02
6.934595000000000482e+02
7.019600000000000364e+02
7.113005000000000564e+02
7.205000000000000000e+02
7.295000000000000000e+02
7.390924999999999727e+02
7.482214999999999918e+02
7.561459999999999582e+02
7.655000000000000000e+02
7.745000000000000000e+02
7.835000000000000000e+02
7.935410000000000537e+02
8.009600000000000364e+02
8.105000000000000000e+02
8.195000000000000000e+02
8.292709999999999582e+02
8.370049999999999955e+02
8.473115000000000236e+02
8.564299999999999500e+02
8.652709999999999582e+02
8.735000000000000000e+02
8.825000000000000000e+02
8.926834999999999809e+02
9.005000000000000000e+02
9.090575000000000045e+02
9.177709999999999582e+02
9.245000000000000000e+02
9.332105000000000246e+02
9.410000000000000000e+02
9.500000000000000000e+02
9.584900000000000091e+02
9.665000000000000000e+02
9.747709999999999582e+02
9.824855000000000018e+02
9.905000000000000000e+02
9.995000000000000000e+02
1.008201500000000010e+03
1.016000000000000000e+03
1.023500000000000000e+03
1.032240500000000111e+03
1.040000000000000000e+03
1.049000000000000000e+03
1.057293499999999995e+03
1.065639499999999998e+03
1.073000000000000000e+03
1.081485500000000002e+03
1.089500000000000000e+03
1.098500000000000000e+03
1.107201499999999896e+03
1.115000000000000000e+03
1.122500000000000000e+03
1.131240500000000111e+03
1.139000000000000000e+03
1.148000000000000000e+03
1.156293499999999995e+03
1.164639499999999998e+03
1.172000000000000000e+03
1.180485500000000002e+03
1.188500000000000000e+03
1.197500000000000000e+03
1.205904500000000098e+03
1.214000000000000000e+03
1.220946500000000015e+03
1.231689499999999953e+03
1.238523500000000013e+03
1.247000000000000000e+03
1.254795499999999947e+03
1.264499000000000024e+03
1.271000000000000000e+03
1.279037000000000035e+03
1.287500000000000000e+03
1.296500000000000000e+03
1.304904500000000098e+03
1.313000000000000000e+03
1.319946500000000015e+03
1.330689499999999953e+03
1.337523500000000013e+03
1.346000000000000000e+03
1.353795499999999947e+03
1.363499000000000024e+03
1.370000000000000000e+03
1.378037000000000035e+03
1.386500000000000000e+03
1.395500000000000000e+03
1.404083000000000084e+03
1.412750000000000000e+03
1.419500000000000000e+03
1.428687500000000000e+03
1.436000000000000000e+03
1.445000000000000000e+03
1.452707000000000107e+03
1.461500000000000000e+03
1.469750000000000000e+03
1.477186999999999898e+03
1.485500000000000000e+03
1.494500000000000000e+03
1.503083000000000084e+03
1.511750000000000000e+03
1.518500000000000000e+03
1.527687500000000000e+03
1.535000000000000000e+03
1.544000000000000000e+03
1.551707000000000107e+03
1.560500000000000000e+03
1.568750000000000000e+03
1.576186999999999898e+03
1.584500000000000000e+03
1.594279999999999973e+03
1.601694500000000062e+03
1.610750000000000000e+03
1.617500000000000000e+03
1.627608500000000049e+03
1.634000000000000000e+03
1.643000000000000000e+03
1.651142000000000053e+03
1.659500000000000000e+03
1.666702999999999975e+03
1.675434500000000071e+03
1.684279999999999973e+03
1.693279999999999973e+03
1.703235500000000002e+03
1.710500000000000000e+03
1.719500000000000000e+03
1.729470499999999902e+03
1.737500000000000000e+03
1.746047000000000025e+03
1.755500000000000000e+03
1.764500000000000000e+03
1.772455999999999904e+03
1.783279999999999973e+03
1.792279999999999973e+03
1.801155500000000075e+03
1.810279999999999973e+03
1.819279999999999973e+03
1.828173500000000104e+03
1.836507499999999936e+03
1.845459499999999935e+03
1.855279999999999973e+03
1.864558999999999969e+03
1.871969000000000051e+03
1.882279999999999973e+03
1.891279999999999973e+03
1.899240500000000111e+03
1.908500000000000000e+03
1.917500000000000000e+03
1.926500000000000000e+03
1.936270999999999958e+03
1.945250000000000000e+03
1.953500000000000000e+03
1.962500000000000000e+03
1.971500000000000000e+03
1.981279999999999973e+03
5.065115000000000123e+02
5.180000000000000000e+02
5.315000000000000000e+02
5.435000000000000000e+02
5.560114999999999554e+02
5.675000000000000000e+02
5.810000000000000000e+02
5.930000000000000000e+02
6.034924999999999500e+02
6.148654999999999973e+02
6.244144999999999754e+02
6.342559999999999718e+02
6.447559999999999718e+02
6.537559999999999718e+02
6.642559999999999718e+02
6.721760000000000446e+02
6.838355000000000246e+02
6.934924999999999500e+02
7.019750000000000227e+02
7.112659999999999627e+02
7.205000000000000000e+02
7.295000000000000000e+02
7.391029999999999518e+02
7.482740000000000009e+02
7.561235000000000355e+02
7.655000000000000000e+02
7.745000000000000000e+02
7.835000000000000000e+02
7.935259999999999536e+02
8.009750000000000227e+02
8.105000000000000000e+02
8.195000000000000000e+02
8.292889999999999873e+02
8.370304999999999609e+02
8.472200000000000273e+02
8.563505000000000109e+02
8.652889999999999873e+02
8.735000000000000000e+02
8.825000000000000000e+02
8.926684999999999945e+02
9.005000000000000000e+02
9.090275000000000318e+02
9.177889999999999873e+02
9.245000000000000000e+02
9.331744999999999663e+02
9.410000000000000000e+02
9.500000000000000000e+02
9.584674999999999727e+02
9.665000000000000000e+02
9.747889999999999873e+02
9.825064999999999600e+02
9.905000000000000000e+02
9.995000000000000000e+02
1.008178999999999974e+03
1.016000000000000000e+03
1.023500000000000000e+03
1.032276499999999942e+03
1.040000000000000000e+03
1.049000000000000000e+03
1.057278499999999894e+03
1.065636500000000069e+03
1.073000000000000000e+03
1.081506499999999960e+03
1.089500000000000000e+03
1.098500000000000000e+03
1.107179000000000087e+03
1.115000000000000000e+03
1.122500000000000000e+03
1.131276499999999942e+03
1.139000000000000000e+03
1.148000000000000000e+03
1.156278499999999894e+03
1.164636500000000069e+03
1.172000000000000000e+03
1.180506499999999960e+03
1.188500000000000000e+03
1.197500000000000000e+03
1.205940499999999929e+03
1.214000000000000000e+03
1.220952500000000100e+03
1.231588999999999942e+03
1.238511500000000069e+03
1.247000000000000000e+03
1.254749000000000024e+03
1.264492999999999938e+03
1.271000000000000000e+03
1.279095499999999902e+03
1.287500000000000000e+03
1.296500000000000000e+03
1.304940499999999929e+03
1.313000000000000000e+03
1.319952500000000100e+03
1.330588999999999942e+03
1.337511500000000069e+03
1.346000000000000000e+03
1.353749000000000024e+03
1.363492999999999938e+03
1.370000000000000000e+03
1.378095499999999902e+03
1.386500000000000000e+03
1.395500000000000000e+03
1.404060500000000047e+03
1.412756000000000085e+03
1.419500000000000000e+03
1.428689000000000078e+03
1.436000000000000000e+03
1.445000000000000000e+03
1.452723500000000058e+03
1.461500000000000000e+03
1.469756000000000085e+03
1.477287499999999909e+03
1.485500000000000000e+03
1.494500000000000000e+03
1.503060500000000047e+03
1.511756000000000085e+03
1.518500000000000000e+03
1.527689000000000078e+03
1.535000000000000000e+03
1.544000000000000000e+03
1.551723500000000058e+03
1.560500000000000000e+03
1.568756000000000085e+03
1.576287499999999909e+03
1.584500000000000000e+03
1.594270999999999958e+03
1.601694500000000062e+03
1.610756000000000085e+03
1.617500000000000000e+03
1.627662499999999909e+03
1.634000000000000000e+03
1.643000000000000000e+03
1.651051999999999907e+03
1.659500000000000000e+03
1.666732999999999947e+03
1.675470499999999902e+03
1.684270999999999958e+03
1.693270999999999958e+03
1.703224999999999909e+03
1.710500000000000000e+03
1.719500000000000000e+03
1.729401499999999942e+03
1.737500000000000000e+03
1.746086000000000013e+03
1.755500000000000000e+03
1.764500000000000000e+03
1.772489000000000033e+03
1.783270999999999958e+03
1.792270999999999958e+03
1.801105999999999995e+03
1.810270999999999958e+03
1.819270999999999958e+03
1.828130000000000109e+03
1.836516499999999951e+03
1.845492500000000064e+03
1.855270999999999958e+03
1.864533500000000004e+03
1.871990000000000009e+03
1.882270999999999958e+03
1.891270999999999958e+03
1.899163999999999987e+03
1.908500000000000000e+03
1.917500000000000000e+03
1.926500000000000000e+03
1.936288999999999987e+03
1.945256000000000085e+03
1.953500000000000000e+03
1.962500000000000000e+03
1.971500000000000000e+03
1.981270999999999958e+03
1.110500000000000000e+03
1.144211000000000013e+03
1.176987499999999955e+03
1.206009499999999889e+03
1.231569500000000062e+03
1.254705500000000029e+03
1.279085000000000036e+03
1.305009499999999889e+03
1.330569500000000062e+03
1.353705500000000029e+03
1.378085000000000036e+03
1.404123499999999922e+03
1.428693500000000085e+03
1.452570500000000038e+03
1.477365500000000111e+03
1.503123499999999922e+03
1.527693500000000085e+03
1.551570500000000038e+03
1.576365500000000111e+03
1.601766499999999951e+03
1.627714999999999918e+03
1.651012999999999920e+03
1.675551500000000033e+03
1.700326999999999998e+03
1.724781500000000051e+03
1.750842499999999973e+03
1.774920499999999947e+03
1.813243999999999915e+03
1.861519999999999982e+03
1.110500000000000000e+03
1.144238000000000056e+03
1.177017499999999927e+03
1.205886500000000069e+03
1.231638500000000022e+03
1.254786499999999933e+03
1.278996499999999969e+03
1.304886500000000069e+03
1.330638500000000022e+03
1.353786499999999933e+03
1.377996499999999969e+03
1.404143000000000029e+03
1.428627500000000055e+03
1.452513500000000022e+03
1.477239499999999907e+03
1.503143000000000029e+03
1.527627500000000055e+03
1.551513500000000022e+03
1.576239499999999907e+03
1.601788999999999987e+03
1.627840999999999894e+03
1.651151000000000067e+03
1.675474999999999909e+03
1.700228000000000065e+03
1.724647999999999911e+03
1.750748000000000047e+03
1.774836499999999887e+03
1.813245499999999993e+03
1.861494500000000016e+03
